
Resp charges for organic molecule                                               

iqopt   irstrnt  ihfree     qwt
  2      1      1        0.001000

 rel.rms   dipole mom       Qxx      Qyy      Qzz
    0.02335  13.65261-306.93298 144.57406 162.35892

          Point charges before & after optimization
    NO   At.No.    q0           q(opt)   IVARY  d(rstr)/dq 
     1     6  -0.371843      -0.289624    0    0.003264
     2     6   0.568174       0.568174  -99    0.001733
     3     8  -0.532300      -0.532300  -99    0.001846
     4     1   0.081195       0.077081    0    0.000000
     5     1   0.116465       0.077081    4    0.000000
     6     1   0.108071       0.077081    4    0.000000
     7     7  -0.164801      -0.164801  -99    0.005188
     8     6  -0.136186      -0.028148    0    0.009626
     9     1   0.160363       0.160363  -99    0.000000
    10     1   0.074353       0.044009    0    0.000000
    11     1   0.061479       0.044009   10    0.000000
    12     1   0.077240       0.044009   10    0.000000
    13     7  -0.451889      -0.451889  -99    0.002161
    14     6  -0.005466      -0.005466  -99    0.009985
    15     6   0.004340      -0.016537    0    0.009866
    16     8  -0.518593      -0.518593  -99    0.001893
    17     6   0.380835       0.380835  -99    0.002540
    18     8  -0.498728      -0.498728  -99    0.001966
    19     6  -0.134677      -0.220567    0    0.004129
    20     6   0.142075       0.142075  -99    0.005756
    21     7  -0.047067      -0.047067  -99    0.009048
    22     6   0.214321       0.214321  -99    0.004228
    23     8  -0.421891      -0.421891  -99    0.002306
    24     7  -0.505609      -0.505609  -99    0.001940
    25     6   0.159329       0.159329  -99    0.005316
    26     6  -0.137416      -0.137416  -99    0.005884
    27     6  -0.021927      -0.021927  -99    0.009768
    28     6  -0.091833      -0.091833  -99    0.007365
    29     6  -0.091833      -0.091833  -99    0.007365
    30     6  -0.290663      -0.290663  -99    0.003253
    31     6  -0.290663      -0.290663  -99    0.003253
    32     6   0.515196       0.515196  -99    0.001905
    33     8  -0.584507      -0.584507  -99    0.001686
    34     1   0.312162       0.312162  -99    0.000000
    35     1   0.125845       0.125845  -99    0.000000
    36     1   0.116420       0.087175    0    0.000000
    37     1   0.046558       0.087175   36    0.000000
    38     1   0.380741       0.380741  -99    0.000000
    39     1   0.095044       0.125147    0    0.000000
    40     1   0.094582       0.125147   39    0.000000
    41     1   0.071115       0.071115  -99    0.000000
    42     1   0.092354       0.092354  -99    0.000000
    43     1   0.092354       0.092354  -99    0.000000
    44     1   0.103641       0.103641  -99    0.000000
    45     1   0.103641       0.103641  -99    0.000000

        Statistics of the fitting:
  The initial sum of squares (ssvpot)                     15.265
  The residual sum of squares (chipot)                     0.008
  The std err of estimate (sqrt(chipot/N))               0.00213
  ESP relative RMS (SQRT(chipot/ssvpot))                 0.02335

 Dipole Moment (Debye)=  13.65261
